000000000000000000000000000000000000000000000000000000000000000000000000000000000000000000000000000000000000000
0                                     0                                             0                         0
0                                     0                                             0                         0
0                                     0                                             0                         0
0                                     0                                             0                         0
0                               2     0                                             0                         0
0000000000000         00000000000000000                                             0                         0
0                                     0                                             0                         0
0                                     0                                                           0000000000000
0                                     0                                                                       0
0                                     0                                                                       0
0                                     0               3                                                       0
0             00000000000           11111         00000000000000000000000000000000000                         0
0                                   11111                                                                     0
0                                   11111                                                                     0
0                                   11111                                                                     0
0                                   11111                                                                     0
0                                   11111                                                                     0
0                                   11111                                                     4               0
000000000000000000000000000000000000000000000000000000000000000000000000000000000000000000000000000000000000000