000000000000000000000000
0                      0
0                      0
0                      0
0                      00000                      00000000000000000000000000
0                          0                      0                        0
0        1                 0                      0                        0
0000000000000  00000   00  000000000000000000000000                        0
            0  0  0                                                        0
            0  0  0                                                        0
            0  0  0                                      1                 0000000000000000000000000000
            0000  0                                     0000000000000                                 0
                  0                                     0           0                                 0
                  02                                    0           0                                 0
                  0000000000000000000    000000   0000  0           0                                 0
                                    0    0    0   0  0  0           0  00000000000000000000000000000000
                                    000  0    0   0  0000           0  0
                                      0  0    00000                 0000
                                      0  0
                                      0  0
                                      0000
